28 50 50 45 20 4B 50 43 0D 20 5A 50 56 20 54 50
4D 57 46 45 20 50 4F 46 20 4E 50 53 46 20 44 49
42 4D 4D 46 4F 48 46 20 4A 4F 20 5A 50 56 53 20
4B 50 56 53 4F 46 5A 0F 20 35 49 4A 54 20 50 4F
46 20 58 42 54 20 47 42 4A 53 4D 5A 20 46 42 54
5A 20 55 50 20 44 53 42 44 4C 0F 20 38 42 54 4F
08 55 20 4A 55 20 20 12 13 19 20 4C 46 5A 54 20
4A 54 20 42 20 52 56 4A 55 46 20 54 4E 42 4D 4D
20 4C 46 5A 54 51 42 44 46 0D 20 54 50 20 4A 55
20 54 49 50 56 4D 45 4F 08 55 20 49 42 57 46 20
55 42 4C 46 4F 20 5A 50 56 20 55 50 50 20 4D 50
4F 48 20 55 50 20 45 46 44 53 5A 51 55 20 55 49
4A 54 20 4E 46 54 54 42 48 46 0F 20 38 46 4D 4D
20 45 50 4F 46 0D 20 5A 50 56 53 20 54 50 4D 56
55 4A 50 4F 20 4A 54 20 4E 48 4A 42 45 46 54 43
42 4F 42 50 0F